1000 1001 1002

1000 1001

895 635 219
160 556 478
745 868 509
65 919 408
641 144 537
833 812 646
350 828 949
775 225 629
310 233 153
22 450 424
974 519 19
546 34 474
24 937 372
533 738 87
293 771 88
830 317 939
828 480 855
129 218 133
110 239 861
264 262 380
40 392 498
59 326 424
886 891 800
610 659 241
697 686 675
137 8 294
77 991 911
284 133 8
417 775 415
630 298 844
10 959 599
508 773 901
285 295 226
85 394 789
679 678 645
354 290 683
1 734 902
264 145 603
272 129 62
687 921 137
531 657 604
131 859 131
32 559 248
610 74 623
751 453 47
396 846 961
432 568 951
686 790 578
289 421 975
351 8 2
840 506 391
445 685 289
928 181 824
177 576 445
152 529 744
552 724 102
513 551 461
816 310 85
747 824 981
74 868 564
428 118 31
819 155 981
109 822 963
933 30 908
730 246 956
827 767 48
929 262 277
743 467 840
828 215 692
809 637 248
725 32 645
757 749 838
90 955 960
54 899 611
314 654 415
270 365 122
670 568 695
299 829 84
139 628 572
184 76 486
784 492 476
781 762 989
620 570 612
932 787 520
544 298 158
311 13 976
785 656 723
480 778 213
564 377 883
488 589 362
974 661 566
802 710 880
792 583 636
756 411 446
276 604 922
786 718 20
762 900 788
837 103 208
50 413 768
285 116 863
647 467 743
566 570 405
798 792 686
434 158 252
232 497 362
154 842 135
174 249 694
314 595 733
875 399 688
995 287 132
210 27 903
954 420 476
359 918 193
45 780 666
298 102 767
12 564 302
500 177 304
194 598 792
279 675 682
967 94 209
452 446 384
707 79 125
183 395 16
728 666 341
746 303 250
513 601 313
167 275 902
472 607 158
264 8 288
298 273 766
507 518 454
244 209 448
369 607 449
386 502 199
79 743 248
330 826 661
643 283 574
898 53 33
56 351 123
696 646 180
462 534 394
268 43 962
68 284 66
869 482 249
69 487 827
669 712 269
330 720 879
256 687 961
641 902 659
116 729 7
648 264 863
42 952 314
5 872 135
423 107 694
672 326 333
499 521 653
121 292 969
352 915 183
314 995 805
325 540 772
685 515 905
548 436 306
214 204 776
350 736 468
44 223 876
377 98 306
383 188 417
704 156 137
240 54 497
45 924 974
169 410 451
74 738 970
733 951 495
861 331 442
329 742 414
558 290 886
216 758 830
633 483 127
770 844 90
620 431 731
946 282 704
397 43 930
719 665 370
214 327 160
9 830 994
775 878 558
13 302 505
844 776 509
323 214 400
414 611 689
145 887 500
201 866 737
483 674 707
853 207 538
13 200 51
360 876 122
918 23 761
776 521 386
285 524 781
37 778 148
79 586 461
931 669 523
668 834 656
375 652 4
265 523 713
317 190 550
791 253 48
905 539 94
291 150 111
424 1 895
572 143 823
385 238 305
260 329 271
916 771 442
921 200 626
986 827 875
536 527 690
936 604 985
382 213 213
494 879 182
389 591 879
564 236 858
870 990 506
493 906 880
935 500 168
913 973 477
788 581 578
830 346 935
815 791 584
380 437 8
563 444 357
794 397 90
4 966 436
510 983 698
391 480 585
911 291 106
389 986 868
319 818 567
606 634 648
190 657 223
551 196 891
908 396 123
350 875 578
138 653 877
188 810 112
773 616 612
880 208 252
748 113 723
315 316 362
315 28 381
890 821 315
781 593 395
257 653 479
835 298 74
64 126 412
176 635 662
140 488 4
393 266 314
468 314 582
830 424 392
211 721 754
878 340 375
273 988 347
105 629 810
179 317 109
944 153 533
958 116 190
962 574 595
628 653 667
210 676 407
955 992 686
709 103 98
436 790 767
136 924 623
946 848 895
407 372 344
292 803 934
482 348 620
77 811 775
97 198 409
504 228 958
542 31 33
640 891 86
759 149 892
734 796 230
630 956 511
974 264 103
260 899 657
233 817 839
8 641 584
417 175 284
727 452 45
761 809 595
847 615 280
92 807 912
674 83 654
537 908 337
640 394 855
297 499 450
137 875 494
73 886 42
358 525 133
403 585 217
350 855 412
631 949 341
895 23 901
549 142 787
239 797 285
94 646 17
896 570 757
390 767 914
784 155 151
270 76 501
839 109 699
251 95 340
944 210 656
845 29 861
984 196 706
622 300 201
639 467 185
396 718 243
662 537 658
166 758 829
667 498 703
366 753 207
59 329 607
67 1000 908
928 673 96
986 432 730
188 86 260
725 581 884
968 801 292
979 271 971
808 267 840
863 332 313
71 726 378
30 161 992
938 471 943
34 762 516
116 58 80
728 931 40
612 837 367
904 621 507
227 359 667
68 853 194
381 195 131
111 598 136
455 780 68
751 627 339
267 749 798
700 993 335
92 695 488
459 463 972
967 56 616
634 281 124
828 962 407
312 426 368
448 364 619
516 449 904
208 803 657
358 200 138
693 532 583
533 290 285
505 745 214
474 543 563
950 328 645
358 515 190
726 956 542
346 811 646
602 843 17
612 800 440
102 611 307
38 805 282
323 690 224
889 317 505
804 539 614
449 859 35
991 254 256
533 506 993
179 931 291
548 275 595
340 222 944
648 157 827
282 233 568
859 506 782
364 256 299
978 826 526
365 640 832
973 444 483
966 686 89
257 860 659
204 163 980
501 130 690
328 50 724
896 357 998
31 594 429
682 779 308
561 426 531
393 491 639
228 784 926
318 529 466
977 524 347
309 381 227
352 285 390
76 925 412
426 308 150
207 975 866
868 781 651
399 672 57
390 844 782
668 227 116
135 97 654
834 365 46
61 189 118
804 493 86
568 783 438
719 313 176
937 602 123
589 979 815
646 887 735
780 393 974
896 976 894
551 178 123
949 131 57
67 195 66
505 417 854
295 79 202
471 961 65
594 797 32
761 459 388
497 730 413
471 830 573
717 972 919
192 227 327
249 882 890
668 859 22
874 849 873
76 443 14
494 805 95
526 603 823
914 63 684
328 32 441
253 368 101
525 55 62
852 663 90
94 685 975
117 213 508
990 250 513
356 780 464
452 399 824
627 376 34
663 793 66
104 934 168
557 358 462
619 197 5
61 647 569
389 503 359
897 464 225
410 873 586
874 214 472
51 257 625
437 113 458
855 300 193
375 481 804
837 881 620
843 382 530
764 914 557
123 943 926
348 985 652
286 842 830
759 809 988
736 949 809
195 985 86
740 283 921
544 592 728
516 262 948
398 980 557
955 957 415
234 443 36
886 601 884
69 828 134
57 499 822
866 98 69
304 249 339
226 0 447
306 238 102
606 611 521
515 309 415
930 799 10
319 642 891
203 742 531
337 46 259
511 669 183
580 599 846
272 8 406
71 87 483
174 288 310
47 143 92
463 286 109
825 771 12
716 749 336
599 719 717
210 631 316
393 848 571
592 964 53
998 260 192
481 999 938
791 848 198
884 765 741
345 192 603
709 421 20
45 659 127
114 715 97
782 66 647
353 965 470
406 99 716
599 398 136
537 473 603
735 942 534
829 674 641
432 931 465
453 834 887
932 739 520
29 4 251
28 229 221
850 113 190
566 743 993
702 716 939
306 556 121
192 550 648
833 158 236
298 438 869
186 108 616
58 180 497
661 811 731
883 345 372
73 661 964
418 829 445
709 4 14
182 24 59
182 700 889
418 524 524
639 464 443
255 925 743
104 974 720
836 574 899
560 515 996
525 196 796
322 398 254
336 444 904
396 696 740
637 705 874
514 683 546
309 370 628
53 459 724
125 490 351
376 647 756
372 290 579
521 826 111
775 501 178
32 555 428
124 145 448
350 20 107
896 669 374
876 960 746
601 13 305
304 866 777
60 176 774
639 465 94
103 426 750
633 82 506
413 134 899
861 486 807
321 530 376
695 261 998
793 964 745
451 210 220
228 896 715
3 837 84
449 501 580
199 642 460
57 647 464
956 909 818
115 111 420
843 5 898
193 48 330
938 422 418
158 82 566
226 699 706
662 407 301
242 398 178
54 226 820
518 727 323
336 231 500
756 477 724
654 44 741
336 635 562
106 115 963
25 661 367
83 808 572
385 291 328
563 884 789
735 409 910
58 353 147
558 626 228
282 798 502
376 524 66
290 12 141
253 541 794
972 255 109
896 345 18
224 143 981
365 296 814
275 402 631
423 574 908
651 505 840
505 245 460
571 597 538
713 952 642
859 698 829
969 242 753
987 363 592
321 596 166
135 48 798
119 260 341
27 89 519
867 890 424
679 986 620
218 112 420
860 1 545
41 459 917
794 85 514
738 765 475
904 286 64
702 1 428
396 536 795
915 999 667
691 982 111
311 118 267
84 330 635
629 181 324
546 397 1
412 120 350
888 27 187
304 140 143
85 102 479
880 38 34
900 884 268
11 927 73
630 427 737
266 774 443
942 208 646
943 95 236
646 720 81
833 439 981
977 585 277
808 556 840
194 931 447
462 695 365
887 651 367
625 491 350
420 674 231
66 974 877
654 156 411
88 198 250
421 790 877
699 777 385
891 538 793
338 54 212
703 136 614
70 732 633
772 93 243
356 928 149
233 46 52
645 786 437
247 666 503
124 790 25
510 195 93
655 74 976
220 736 746
834 914 493
819 73 660
63 732 597
564 674 189
616 310 221
406 389 675
909 186 179
287 947 927
732 600 662
708 151 804
806 632 368
299 533 705
311 217 398
909 659 677
450 13 600
24 480 771
51 228 418
582 33 927
510 123 91
524 554 828
328 459 398
696 262 140
402 435 945
152 216 666
829 342 356
430 597 803
553 718 512
971 804 860
250 741 941
341 293 82
169 887 29
920 435 628
60 10 539
358 344 710
376 492 684
732 72 34
888 475 435
400 266 771
613 392 616
554 142 986
636 670 683
17 605 429
646 861 281
537 965 934
247 265 120
284 775 736
318 975 905
106 473 397
877 993 491
845 276 278
831 258 235
515 707 112
296 265 754
578 678 401
864 852 777
984 437 886
720 411 234
977 492 335
726 483 49
217 816 317
495 472 925
83 30 551
195 235 174
949 476 983
703 97 743
480 591 787
718 338 501
953 885 322
640 115 371
690 803 618
359 88 345
285 643 938
188 761 180
362 301 352
697 230 388
440 193 760
579 273 204
81 827 977
403 326 124
126 763 840
97 793 756
442 985 402
732 735 596
265 690 92
969 836 290
358 716 673
470 836 423
27 227 477
4 763 524
481 926 261
673 530 358
429 739 91
832 582 365
780 295 1
872 735 334
515 997 460
188 671 166
963 787 304
793 228 846
317 109 866
579 923 983
937 758 894
380 947 889
97 559 502
98 588 84
785 572 24
245 84 138
763 710 280
68 654 130
914 862 109
132 167 113
115 983 547
361 363 813
602 352 212
104 331 483
188 444 269
564 787 947
55 196 589
687 208 24
817 967 777
278 706 460
391 646 433
939 525 138
752 234 940
316 451 841
799 217 879
420 602 163
368 274 562
957 331 381
334 381 466
463 843 683
275 328 367
60 977 412
198 353 59
139 777 163
332 766 808
212 270 369
727 376 985
641 173 288
374 314 760
840 971 862
875 1000 3
242 75 436
6 249 973
65 875 826
581 282 479
741 295 905
110 701 698
447 4 449
87 795 886
199 728 138
61 509 314
416 164 902
852 528 40
177 524 318
356 604 280
187 985 454
92 648 707
791 868 953
592 284 573
831 659 33
969 453 720
635 376 1
889 403 936
930 579 640
248 989 926
528 87 304
334 147 145
393 924 432
346 899 159
919 768 84
304 811 71
376 25 826
377 560 785
665 281 922
305 445 415
231 333 448
888 240 573
33 247 489
817 978 349
976 296 41
61 240 406
484 699 406
310 526 296
447 559 116
370 11 888
137 179 188
585 736 822
158 639 553
647 136 278
349 514 626
742 119 278
148 716 306
554 59 711
851 553 781
319 466 509
208 96 820
748 220 19
923 677 603
476 77 4
107 322 382
733 869 821
12 527 96
318 704 33
30 577 418
163 498 172
24 222 64
844 82 894
215 7 530
170 935 517
175 151 502
557 644 228
731 31 455
827 322 236
213 423 220
631 202 875
803 50 739
220 839 703
114 300 590
996 75 953
513 990 776
367 246 980
948 346 548
755 624 786
991 208 55
563 343 839
438 113 647
529 687 300
584 593 521
174 198 912
480 581 830
256 61 305
588 891 512
488 905 546
274 497 145
681 935 375
520 25 760
520 61 718
820 436 789
693 535 561
957 604 846
787 174 850
445 199 803
957 90 862
855 480 265
0 790 230
727 604 986
487 972 272
557 421 494
347 564 890
908 854 119
106 591 603
956 711 28
111 560 940
326 452 479
591 285 52
173 712 497
160 225 110
784 514 895
278 860 726
520 461 867
639 899 795
595 614 520
623 499 850
915 457 387
747 366 924
799 470 540
296 485 643
758 853 656
5 628 16
84 417 636
951 132 714
98 950 749
618 448 247
820 28 423
559 550 190
483 422 482
23 319 583
18 522 819
675 832 686
43 122 73
680 628 803
394 248 777
495 74 77
94 666 941
517 474 256
59 474 18
542 687 780
477 409 300
648 463 826
686 708 435
111 295 348
915 433 710
692 805 691
769 530 843
63 444 907
319 224 453
690 720 375
822 416 315
123 475 634
949 597 644
736 816 687
436 956 476
147 656 760
190 365 139
385 801 740
292 512 48
746 922 602
121 729 633
788 144 664
422 310 382
66 348 212
105 268 956
933 937 97
694 499 7
185 240 332
925 326 680
325 920 367
927 708 228
560 99 564
225 247 849
959 549 222
171 301 32
480 935 341
577 255 840
936 173 725
620 441 254
300 284 881
19 801 629
599 27 165
163 509 475
12 151 851
235 462 37
267 705 805
609 917 618
449 462 617
526 451 894
132 776 848
13 669 729
642 237 523
807 627 894
282 836 873
486 523 727
523 337 709
680 213 972
299 960 171
916 889 342
162 634 813
362 497 656
92 803 99
615 32 705
510 431 323
735 239 529
814 67 2
523 920 436
847 672 671
18 878 785
712 286 32
525 254 292
534 510 546
633 151 608
338 688 305
13 961 191
542 431 601
896 494 692
332 65 81
356 297 739
493 640 912
525 560 447
817 725 426
364 753 20
324 270 829
981 112 724
173 494 82
774 130 666
466 856 98
900 318 899
639 787 413
903 587 452
702 833 377
128 399 287
501 318 535
682 329 796
406 363 952
488 868 5
507 70 742
605 645 835
504 158 773
917 896 237
721 493 871
450 77 220
737 873 894
272 876 550
69 738 730
21 579 37
26 895 811
768 130 484
955 894 501
81 894 422
670 1 45
893 320 796
114 294 753
360 811 39
910 674 84
993 758 618
30 501 10
193 761 360
30 543 862
531 636 985
953 316 830
998 796 126
147 94 159
900 911 464
291 572 191
376 133 939
346 772 65
708 937 312
68 274 867
282 633 854
268 216 512
450 900 64
576 68 81
735 977 107
200 499 748
743 684 381
682 180 45
99 884 255
764 232 494
631 192 265
837 966 342
350 243 417
766 728 991
847 330 465
955 243 934
55 140 428
436 469 971
834 40 223
441 304 896
935 804 203
553 174 778
247 113 155
664 726 109
7 487 799
824 616 392
758 375 377
538 898 747
510 646 865
85 246 747
981 664 612
536 530 667
314 61 423
470 848 946
579 957 316
730 54 993
475 640 725
204 779 893
951 269 248
817 375 43
916 20 774
881 395 762
548 156 645
323 546 544
269 291 802
585 724 532
578 156 373
655 349 752
901 461 993
149 223 319
544 249 979
671 31 176
433 435 687
79 573 20
975 863 284
778 789 631
662 659 453
387 155 831
491 868 809
484 131 955
156 193 370
135 406 314
311 299 510
350 625 678
722 230 115
359 380 489
342 199 442
148 329 403
979 856 912
140 740 923
448 426 478
818 554 56
485 591 715
995 691 158
25 711 576
492 321 124
982 555 334
776 950 284
531 473 78
444 656 356
719 342 790
549 161 711
605 453 944
672 32 880
830 784 890
406 948 611
882 934 322
569 471 534
205 23 77
283 150 760
639 292 244
781 22 546
493 366 685
437 3 819
669 248 331
911 642 336
522 252 674
197 971 141
83 125 140
512 261 582
624 119 96
868 123 158
414 519 178
451 587 870
623 16 392
954 520 25
642 797 189
669 403 273
810 288 563
950 925 489
885 659 54
333 832 400
491 296 592
21 503 221
891 176 871
636 790 785
13 599 574
202 610 559
828 913 980
743 600 912
232 824 821
286 876 247
687 469 791
631 969 434
852 760 701
75 89 626
861 599 841
787 232 430
346 649 829
678 974 178
943 159 117
764 323 36
363 280 151
154 549 936
589 406 316
642 178 332
268 765 713
461 963 649
891 865 413
720 70 921
251 193 13
720 582 391
108 379 809
260 259 857
196 36 758
864 887 86
548 980 275
261 915 603
263 300 277
676 741 982
949 525 630
962 477 43
354 162 171
163 50 453
20 800 677
130 169 894
216 939 732
491 397 31
446 776 573
724 723 188
706 594 406
337 165 696
732 833 743
903 876 401
708 534 256
737 212 974
632 471 593
364 382 473
747 600 968
320 988 787
861 996 260
619 818 344
316 35 485
411 408 790
812 505 819
420 742 626
395 626 2
340 207 222
165 710 888
133 124 630
272 190 78
533 742 568
229 637 437
714 347 914
856 304 99
675 616 21
302 143 576
656 825 198
230 437 568
470 375 610
100 743 513
531 132 387
99 90 930
888 68 883
154 324 649
253 389 188
275 167 121
203 129 747
401 966 537
321 658 461
931 811 9
796 492 90
536 829 400
466 547 424
349 53 657
351 545 566
539 762 128
660 20 347
759 218 149
297 757 421
110 67 145
119 413 753
209 534 811
961 377 758
737 360 212
395 788 567
313 585 549
441 276 734
141 685 672
642 940 932
63 725 476
560 163 816
665 387 44
477 486 90
235 219 837
447 600 936
366 17 925
915 329 575
1 45 337
674 441 395
606 864 564
82 815 555
250 785 756
294 294 917
736 580 816
574 3 462
862 182 773
787 495 526
363 725 419
700 708 955
447 891 257
363 723 120
919 925 1
675 722 6
944 179 599
761 659 992
575 948 751
701 11 777
227 745 805
646 904 859
953 427 520
211 351 263
683 528 608
684 35 600
43 669 329
642 338 983
986 643 852
737 599 508
867 226 879
24 570 302
884 453 172
404 47 758
667 167 911
627 980 443
228 86 568
909 758 157
244 999 322
96 679 540
956 295 633
187 262 725
489 286 122
14 949 730
772 662 373
36 350 701
479 116 424
399 449 790
557 388 142
231 189 935
772 866 244
757 540 929
834 808 498
956 404 471
38 370 111
412 925 730
465 793 930
890 952 38
32 121 391
526 254 193
461 328 303
57 569 600
986 238 387
836 787 188
307 263 762
770 214 723
501 929 164
783 874 357
821 116 106
213 35 439
758 930 896
61 163 111
661 310 864
401 344 573
589 906 673
703 344 185
779 702 515
943 94 86
300 662 690
407 481 819
198 742 762
95 619 763
558 723 102
422 171 277
347 58 112
21 62 718
558 180 824
425 133 66
512 943 129
202 40 405
21 371 143
136 642 590
899 732 402
353 569 616
982 320 419
95 869 277
813 499 915
989 448 848
55 281 433
184 495 426
941 745 969
84 720 607
26 513 803
781 815 773
397 969 90
168 571 781
797 275 30
64 855 56
912 21 243
346 510 983
124 108 97
445 941 347
52 933 848
207 189 350
332 572 187
422 448 118
555 952 215
937 881 301
994 60 794
237 813 472
572 178 444
22 528 500
721 193 582
570 215 798
272 543 762
811 496 895
930 635 825
497 766 819
150 28 78
944 394 35
769 668 468
213 974 994
713 30 276
647 42 765
797 133 586
912 651 830
807 167 981
632 648 421
803 256 504
234 395 175
269 573 771
738 208 37
84 622 377
713 746 638
478 461 820
65 338 166
247 516 793
580 636 918
1 578 544
505 403 467
33 614 159
804 768 416
194 392 386
923 681 708
561 539 827
734 889 858
252 226 48
45 496 222
315 844 199
860 609 411
327 184 892
839 618 815
255 193 822
994 321 895
702 735 446
881 876 62
739 466 277
139 292 424
361 384 572
560 687 930
971 595 969
215 682 165
382 536 906
557 87 219
452 463 797
898 433 757
312 25 321
941 756 282
365 640 559
289 875 696
220 245 513
189 363 520
706 998 783
613 229 40
184 740 703
981 448 895
90 552 530
763 968 952
45 881 439
605 444 135
653 958 506
166 295 92
39 73 61
822 487 939
215 857 269
918 297 497
166 994 389
696 101 870
1 604 420
440 884 908
927 627 967
785 120 568
878 44 876
291 625 500
231 950 957
500 481 746
350 651 978
739 865 972
962 188 12
382 642 361
642 98 12
962 805 533
530 122 93
758 429 827
259 264 777
216 367 997
314 255 735
644 99 169
617 939 957
981 272 185
695 614 44
59 232 337
592 112 860
37 707 675
864 123 424
641 599 322
638 431 274
373 612 614
895 625 619
852 73 7
389 840 38
433 932 382
771 88 257
983 425 891
658 566 783
83 152 596
757 282 723
384 679 846
350 515 939
969 360 13
977 165 134
367 719 314
749 516 438
7 679 599
898 325 624
33 721 291
629 923 949
704 184 332
551 296 610
490 196 740
855 538 259
341 244 563
7 238 639
445 11 698
396 891 119
20 379 624
664 768 238
613 795 588
945 764 936
555 680 605
647 926 604
906 411 617
821 687 732
460 221 854
510 439 874
982 287 280
606 226 315
196 229 406
784 355 49
72 118 181
29 879 521
633 491 201
251 674 241
983 635 725
190 50 958
416 247 211
696 636 128
363 448 10
122 248 189
171 642 923
352 897 304
873 168 295
427 393 755
668 189 380
745 567 516
703 726 633
914 427 61
394 746 684
756 549 92
945 219 923
868 127 784
524 578 279
819 293 376
927 340 809
307 250 432
175 151 472
161 22 560
222 397 363
906 887 289
350 534 385
274 78 186
410 467 213
41 502 666
418 856 788
227 543 7
12 926 577
484 940 766
396 221 350
111 599 338
400 632 623
138 651 129
676 933 160
889 266 714
556 424 843
696 595 631
703 346 947
632 93 72
399 573 771
749 602 377
439 657 333
414 29 915
896 847 259
408 995 293
122 839 97
317 719 481
300 194 876
248 488 460
320 931 87
444 610 178
821 102 22
506 942 355
773 206 365
32 744 617
678 675 776
775 926 632
608 659 542
837 489 437
297 45 731
384 550 126
915 291 312
289 901 265
996 28 465
714 989 74
683 355 156
459 242 556
443 556 608
338 331 556
775 352 528
507 501 945
985 380 182
298 717 630
915 851 850
732 7 103
158 492 386
667 523 797
575 821 464
183 578 320
91 973 473
619 626 362
564 457 519
99 257 316
729 969 110
579 797 618
35 868 809
773 164 164
570 303 962
386 943 98
706 261 361
531 995 132
246 694 888
117 649 646
433 451 319
896 509 76
514 812 992
676 714 927
840 146 85
802 357 778
900 365 562
261 524 966
745 643 286
985 173 57
631 141 205
302 88 636
379 21 103
723 121 343
651 602 505
736 903 702
867 982 958
429 811 449
395 17 186
33 747 40
90 948 679
647 896 567
636 770 617
739 747 695
434 680 613
939 562 685
642 336 657
952 644 242
753 788 925
939 463 594
979 697 894
10 251 848
577 705 182
546 799 239
241 627 299
206 25 447
891 662 463
900 901 908
143 646 100
420 230 678
14 446 347
260 506 15
109 116 319
291 371 714
882 699 543
533 703 311
332 664 74
795 875 140
703 835 608
156 561 718
834 182 456
181 954 908
196 152 937
867 858 513
581 506 683
124 777 411
436 613 30
862 39 902
2 321 917
962 625 705
681 413 507
137 74 921
45 858 445
334 469 611
848 85 12
883 645 297
294 552 915
676 779 329
931 916 446
848 300 71
905 852 530
764 636 171
686 229 713
131 748 122
94 253 112
458 754 579
756 332 834
23 653 951
352 589 719
150 665 801
221 443 564
104 794 816
627 362 465
340 610 448
462 395 632
927 603 346
506 631 59
693 853 448
644 235 120
715 482 640
868 906 418
432 921 961
600 982 541
417 564 253
866 209 59
498 1 27
196 585 752
607 202 500
55 322 600
527 549 851
520 565 28
938 148 956
251 698 864
793 750 465
398 434 880
809 3 222
836 903 422
588 462 668
88 26 558
689 182 163
892 286 637
920 471 896
229 219 755
93 895 383
910 106 230
142 940 926
364 998 819
139 600 672
159 291 580
717 925 367
880 52 675
518 201 921
414 671 122
521 442 117
256 80 861
486 173 63
413 724 453
584 315 431
256 150 498
188 241 606
556 517 607
583 853 880
504 396 30
978 916 977
447 471 835
309 876 484
724 134 201
529 840 409
960 762 424
811 1000 508
769 43 472
728 871 307
608 642 907
990 576 381
968 950 759
803 487 327
639 509 309
840 703 227
249 358 753
25 767 820
533 853 443
358 357 1
17 483 415
276 589 808
657 118 648
768 532 797
448 311 22
109 872 776
688 907 842
441 568 720
614 94 367
409 695 94
411 221 430
178 70 757
986 537 699
634 93 149
783 614 887
805 924 817
933 552 996
776 570 905
496 668 348
215 579 500
309 863 22
92 160 172
849 430 331
548 238 259
50 454 987
937 274 824
754 93 349
102 578 668
8 876 952
708 839 646
560 133 751
934 314 387
106 660 361
438 599 617
49 352 9
389 231 559
213 798 42
915 648 653
935 40 760
887 379 434
534 49 769
637 271 197
376 807 473
737 191 650
707 208 877
716 472 41
275 286 311
669 511 684
322 407 64
434 332 505
868 175 154
990 179 89
539 884 483
364 339 315
15 163 549
244 500 523
638 625 711
949 629 166
985 472 556
50 337 834
555 755 645
61 857 446
150 28 624
986 549 891
301 708 865
202 166 555
78 535 873
789 921 861
308 663 875
864 491 971
50 94 288
48 593 947
494 567 145
470 514 708
713 315 989
578 487 163
134 884 679
359 791 145
572 718 948
447 452 801
419 637 561
59 136 382
7 820 705
152 572 15
212 420 330
202 839 495
717 707 91
397 959 476
894 915 521
842 735 782
643 377 94
556 977 102
938 78 309
995 20 338
362 353 80
692 163 401
188 617 560
631 249 727
459 981 818
332 854 356
114 669 666
209 210 35
663 761 411
972 197 291
310 723 736
743 654 735
144 166 452
705 144 269
784 759 981
954 36 534
662 119 435
328 25 891
715 200 286
126 843 676
770 526 780
506 669 577
594 800 562
46 626 530
315 796 309
296 223 68
183 334 294
618 194 728
509 782 178
147 863 953
175 769 390
956 233 570
885 418 894
448 631 628
330 120 145
640 869 617
60 799 103
354 890 269
435 41 151
965 16 160
270 700 290
660 506 279
230 88 862
477 302 491
105 982 788
250 886 733
219 50 213
674 975 311
944 995 270
95 381 729
607 285 364
250 925 306
529 346 134
392 661 410
883 875 721
23 403 671
108 539 34
321 618 752
